681.8987385230663
550.6184037601367
22.045439922380375
21.044190724277716
23.78127358275184
32.839984603184675
24.078294120610813
15.355206293392836
19.91463762806099
22.293105708495318
14.002049251032435
43.31050031641122
8.842221903080617
47.383037515814614
63.750017978814505
27.66487257948686
5.4047181962260336
8.372061120331146
10.542929755741056
7.67095146766866
8.603452545249814
17.053130854470446
23.695809433436885
7.977281962925389
11.723189509214828
9.206965482013894
11.13670731226382
14.936990859521146
21.34856776707525
26.797066642166886
14.84946353101607
14.663745253193792
14.095674594223329
23.64857949508044
16.381184795760568
17.002587331374322
9.083956255030365
17.273150423684015
15.307723313940832
9.374980831100352
2.9641015848079344
20.97825753306882
22.54980525924741
35.70742102312699
4.369300746601875
15.140210220958243
9.562886410055288
12.136845915348742
12.28922398578834
3.996830790987756
4.089370681150107
7.114902300282807
4.3951105969910484
7.408779172320313
13.209275574073837
4.3662611471418025
6.364447625264837
8.111561787159516
3.3699539434963652
1.9080943344531853
10.39764833154859
3.7667521421991728
3.960985619707015
5.822201235492488
1.2933333795618451
8.416595173366535
3.7749278524343133
4.353515935345926
5.71819941546215
2.2498857548973215
5.1394678300917365
4.238322189443425
5.167461795267327
2.772756511025052
3.3815683016940965
1.067066851089709
13.217068207731065
4.950132156884483
7.660141010487036
7.023831925327579
4.40674772920583
4.939734376232225
2.773248639043254
5.377400762063347
3.9498309246376073
2.602311532066831
3.545190422354499
3.063809264277583
3.6715758888715806
1.38748908074604
0.6043074193925548
0.342782370108754
2.241706613184971
2.337406665121369
0.7155131015162699
4.628834893538807
1.8189605841491634
2.001451435352826
0.9450817353124451
0.5697422782616848
0.7211358966638204
0.3623977798561012
1.4843709699731034
0.563476889855919
0.45520506431169566
0.4695888872294696
0.2714905061002549
0.2333603893999585
0.1504104666351494
0.5280389955566196
0.3429229328817197
0.45265273735293504
0.4298941086033192
0.26965488268142657
0.5866423018856355
0.4611993337793939
0.2620011857618148
0.43652737366504046
0.2192741935796744
0.17877893592364594
0.12055592499973082
0.3082221125572071
0.3192816452287401
0.38013199477396376
0.24681905814680039
0.2724675536371712
0.08826552285426245
0.15751465273523446
0.16871706547969528
0.11480950395272009
0.10534573303654712
0.07568467467807294
0.07547948943777395
0.051681442733719385
0.045274238118845414
0.04161669298926244
0.09915809618660194
0.07733389118151711
0.09363984699157198
0.19406733453144215
0.07422248059476041
0.08749027385873231
0.1417135750052466
0.08076534880074704
0.061838119603515505
0.050674826268939946
0.0447011592688618
0.04529578531489521
0.099720603698145
0.06296671712495845
0.07295717228164172
0.03356403555081851
0.08788246787344575
0.017877869217819337
0.027528316950651353
0.025632363573630725
0.040031269652490396
0.025056751057336974
0.022534518726480244
0.05394386548369332
0.055172414244350945
0.01374379417551351
0.016782939086755506
0.06351917912209258
0.09432570593785879
0.021024812639532486
0.03699477422209118
0.04051619036713542
0.04500165342642258
0.04624483136943728
0.06696112411702279
0.03755620407787478
0.037027235414439995
0.04256667112051861
0.048439869013202595
0.039113784313227554
0.03426310987471968
0.030380316730859745
0.01673358371608833
0.041742705766839375
0.020098793877490494
0.03767310851354313
0.023222894414053487
0.008228730029322683
0.023967857350202036
0.03185939460652394
0.030923367949165483
0.05214410230073767
0.03628674302110778
0.023253870185931683
0.034506548623167134
0.02056148680962578
0.019569104262797052
0.009147127313695592
0.029989578888000534
0.024701460766261982
0.0354080876756268
0.013509634128306483
0.010621326821968896
0.0258519286165181
0.016074955884307005
0.012127017247706609
0.0073027460073285515
0.008638519763881603
0.004116657916777218
0.0061595594736945855
0.008367779376737994
0.010492584858546799
0.03929306046090087
0.012036580825383555
0.030710266644145213
0.01907217617712037
0.013472309091463974
0.009711719672231067
0.008093829070093274
0.016706077184587973
0.012612515349246307
0.010030503402240331
0.008561709897139835
0.004304743904004186
0.0065885541601005265
0.007550340243363571
0.004963527063593197
0.005389799243431005
0.0031813533321013603
0.0107117542785093
0.00775346710773858
0.004712276987376451
0.003475704630983694
0.003294717792952391
0.0040518802333138456
0.006910361364127207
0.004459958123849634
0.005824333501602922
0.009698659170921503
0.006456094498214759
0.004241146685438352
0.005234256548319047
0.004190580692108663
0.00323076978728766
0.0034438467436022835
0.0038634500581673746
0.006982357033878432
0.002347355139998402
0.009782600604182182
0.00285200379316714
0.003217631655357764
0.0015202617084191157
0.0007671375445388669
